0 2432413
1 2432413
2 2432413
3 2432413
4 2432413
5 2432413
6 2432413
7 2432413
8 2432413
9 2432413
10 2432413
11 2432413
12 2422448
13 2455500
14 2439795
15 2500504
16 2473207
17 2488246
18 2469741
19 2480643
20 2464728
21 2435361
22 2427198
23 2427198
24 2436456
25 2431255
26 2431255
27 2462778
28 2419213
29 2425182
30 2380166
31 2359034
32 2457949
33 2416795
34 2404287
35 2414098
36 2418510
37 2474073
38 2447482
39 2455644
40 2453581
41 2450776
42 2456703
43 2478546
44 2463216
45 2572616
46 2507543
47 2505352
48 2545901
49 2584448
50 2581231
51 2614306
52 2681935
53 2678401
54 2705203
55 2675295
56 2690746
57 2654568
58 2723094
59 2738460
60 2736629
61 2843683
62 2796778
63 2828190
64 2840003
65 2830559
66 2811369
67 2866581
68 2865309
69 2856052
70 2850112
71 2870205
72 2860447
73 2823596
74 2873692
75 2777630
76 2746059
77 2706838
78 2730095
79 2656973
80 2658879
81 2628811
82 2636774
83 2653208
84 2612307
85 2631771
86 2637560
87 2693372
88 2699207
89 2765277
90 2771204
91 2803812
92 2832137
93 2806830
94 2835122
95 2856977
96 2912551
97 2904119
98 2901236
99 2902061
100 2917758
101 2853237
102 2881838
103 2906384
104 2900549
105 2939340
106 2877114
107 2904632
108 2873326
109 2861824
110 2871272
111 2882036
112 2846318
113 2807640
114 2789410
115 2780845
116 2874395
117 2831573
118 2800331
119 2794368
120 2756394
121 2769243
122 2736019
123 2758354
124 2755100
125 2720268
126 2721693
127 2740421
128 2715830
129 2708135
130 2748103
131 2762732
132 2574982
133 2520493
134 2514734
135 2524581
136 2529879
137 2607225
138 2584426
139 2626547
140 2630722
141 2613719
142 2684218
143 2654729
144 2683558
145 2666517
146 2635335
147 2601077
148 2545588
149 2573672
150 2608031
151 2556561
152 2556182
153 2529366
154 2584366
155 2663544
156 2692804
157 2625007
158 2608642
159 2591515
160 2561293
161 2497108
162 2572478
163 2608042
164 2602374
165 2639483
166 2643487
167 2649659
168 2677947
169 2664555
170 2631492
171 2626423
172 2593657
173 2567400
174 2604298
175 2581660
176 2643100
177 2643934
178 2663998
179 2626185
180 2660467
181 2630980
182 2670974
183 2640903
184 2606201
185 2619261
186 2651176
187 2697255
188 2705653
189 2697034
190 2685892
191 2747759
192 2742319
193 2718387
194 2783815
195 2754355
196 2769577
197 2858683
198 2881914
199 2871483
200 2900400
201 2912331
202 2891481
203 2936766
204 2886951
205 2881339
206 2898988
207 2910500
208 2875067
209 2864690
210 2845169
211 2853819
212 2839850
213 2858029
214 2877108
215 2901372
216 2800586
217 2825824
218 2840977
219 2812061
220 2844179
221 2868405
222 2896922
223 2892194
224 2928573
225 2960457
226 2892926
227 2859960
228 2868530
229 2893276
230 2930746
231 2875996
232 2912289
233 2914693
234 2923711
235 2953070
236 2852011
237 2785530
238 2811680
239 2842942
240 2914667
241 2890405
242 2824689
243 2847074
244 2875194
245 2871040
246 2845501
247 2829101
248 2843622
249 2843981
250 2845776
251 2853863
252 2840489
253 2726546
254 2723109
255 2751542
256 2747465
257 2781985
258 2749749
259 2817157
260 2847774
261 2854877
262 2866818
263 2870117
264 2853890
265 2904842
266 2892639
267 2918492
268 2957884
269 2993536
270 3070067
271 3021331
272 3027423
273 3027580
274 3000131
275 2985752
276 2982478
277 3028478
278 3010554
279 2947177
280 2934539
281 2919594
282 2893857
283 2886754
284 2878849
285 2871981
286 2851911
287 2853403
288 2909819
289 2926164
290 2920720
291 2947185
292 2936981
293 2955691
294 2972900
295 2965093
296 2999536
297 3065166
298 3036671
299 3071564
300 3133993
301 3120636
302 3106133
303 3149972
304 3151641
305 3136631
306 3110299
307 3110709
308 3116306
309 3068442
310 3068258
311 3017764
312 2982046
313 2965621
314 2995998
315 3000116
316 3031035
317 3024348
318 2981543
319 2997133
320 2992223
321 3047206
322 3070729
323 3218230
324 3253048
325 3246207
326 3302657
327 3352112
328 3416614
329 3349292
330 3393931
331 3336689
332 3322020
333 3290452
334 3351648
335 3422915
336 3486281
337 3433961
338 3421334
339 3409735
340 3414033
341 3500392
342 3526048
343 3470668
344 3504909
345 3526816
346 3585263
347 3670995
348 3695697
349 3796554
350 3771438
351 3753535
352 3700248
353 3668850
354 3712103
355 3688330
356 3612375
357 3670123
358 3717058
359 3660710
360 3674887
361 3695459
362 3696401
363 3633948
364 3779527
365 3863760
366 3832424
367 3859110
368 3886746
369 3934785
370 4031230
371 4060691
372 4053526
373 4034223
374 3921738
375 3953551
376 3892042
377 3982877
378 3957052
379 3957737
380 3921718
381 3924724
382 3896699
383 3906573
384 3912503
385 3917777
386 3868303
387 3912095
388 3963577
389 3929038
390 3885250
391 3891128
392 3899512
393 3903354
394 3896280
395 3886104
396 3869570
397 3831470
398 3809065
399 3795821
400 3779827
401 3757081
402 3773434
403 3871786
404 3787714
405 3672162
406 3652930
407 3694340
408 3705133
409 3693719
410 3698742
411 3690909
412 3723128
413 3616624
414 3598884
415 3620908
416 3613740
417 3643731
418 3655691
419 3708143
420 3652815
421 3664313
422 3686217
423 3731786
424 3665881
425 3669297
426 3630609
427 3579695
428 3568517
429 3625509
430 3624550
431 3676259
432 3623548
433 3586302
434 3562820
435 3530353
436 3473267
437 3546781
438 3539706
439 3605549
440 3611577
441 3550825
442 3541196
443 3506009
444 3503870
445 3490456
446 3466445
447 3519206
448 3562232
449 3587927
450 3559920
451 3580564
452 3680831
453 3635022
454 3607484
455 3591094
456 3587806
457 3677959
458 3694433
459 3744847
460 3861130
461 3893892
462 3909371
463 3942037
464 3809704
465 3842757
466 3753023
467 3704715
468 3654339
469 3653016
470 3640005
471 3613214
472 3527512
473 3444599
474 3468916
475 3516403
476 3561832
477 3491721
478 3440405
479 3462151
480 3537071
481 3517576
482 3496141
483 3504766
484 3507237
485 3506103
486 3487088
487 3626947
488 3797295
489 3767417
490 3696919
491 3717865
492 3714219
493 3717022
494 3761730
495 3724649
496 3639439
497 3633441
498 3717424
499 3666624
500 3653511
